genomestart 1
trait 1 0.114212 0.290264 0 0.000944088 0 0.00515571 0 0 
trait 2 0.2 0 0 0 0 0 0 0 
trait 3 0.31661 0 0 0.066077 0 0 0 0 
node 1 1 1 3
node 2 1 1 1
node 3 1 1 1
node 4 2 0 2
node 5 3 0 2
node 10 1 0 0
node 22 1 0 0
gene 3 1 4 -0.692932 0 1 -0.692932 1
gene 1 2 4 1.13607 0 2 1.13607 0
gene 1 3 4 -2.66249 0 3 -2.66249 1
gene 1 1 5 1.6335 0 1 1.6335 1
gene 2 2 5 -2.60489 0 2 -2.60489 1
gene 1 3 5 1.13844 0 3 1.13844 1
gene 1 5 4 0.704533 0 23 0.704533 0
gene 1 5 10 1 0 46 0 1
gene 1 10 4 0.704533 0 47 0 1
gene 3 3 10 0.944612 0 120 0.944612 1
gene 1 2 22 1 0 151 0 1
gene 1 22 4 1.13607 0 152 0 1
gene 3 3 22 0.742482 0 180 0.742482 1
genomeend 1
