genomestart 1
trait 1 0.1 0 0 0 0 0 0 0 
trait 2 0.2 0.00965691 0 0 0 0.208982 0.241036 0 
trait 3 0.324774 0 0 0 0 0.474345 0 0 
node 1 3 1 3
node 2 3 1 1
node 3 1 1 1
node 4 1 0 2
node 5 2 0 2
node 6 1 0 0
gene 2 1 4 0.683099 0 1 0.683099 0
gene 1 2 4 -0.0461121 0 2 -0.0461121 0
gene 1 3 4 0.590823 0 3 0.590823 1
gene 3 1 5 -0.236781 0 1 -0.236781 0
gene 3 2 5 0.472227 0 2 0.472227 1
gene 1 3 5 -0.0943644 0 3 -0.0943644 1
gene 2 3 6 1 0 8 0 1
gene 1 6 5 -0.0943644 0 9 0 1
gene 2 6 4 -0.304548 0 18 -0.152274 1
gene 1 4 5 -0.00568055 0 34 0 1
gene 1 2 6 -0.0477279 0 67 -0.0477279 1
gene 1 1 6 -0.0576659 0 155 -0.0576659 1
genomeend 1
